0,4,1,5,9,18,3.032974935556122,-2.9134343521659325,2.4851790277041204,-3.337952661346671,2,2,2,2
1,1,9,2.04964031529411,2
2,2,1,77,1.5368802333926408,3.483383172754605,2,2
3,1,1,4.2669262294826416,2
4,4,1,5,9,18,1.426752201200404,-1.5260505481241164,1.1295954199767633,-3.485491653473078,2,2,2,2
6,4,1,5,9,18,4.034113942029744,-2.3046145626176804,1.1860555119278424,-1.0570831230802655,2,2,2,2
7,4,1,5,9,18,1.8131587727178515,-2.9664734879159105,2.169151095096543,-2.9225178791372985,2,2,2,2
8,4,1,5,9,18,2.819421294133649,-1.249559781034832,4.1342539995708885,-1.102305620184005,2,2,2,2
10,1,9,2.7375056356192435,2
11,3,5,9,90,2.948695703973734,2.802520712058344,3.8724007928426034,2,2,2
12,2,9,62,3.1781912520922337,4.320200428086364,2,2
13,1,5,-3.6614966937073663,2
14,2,9,78,2.5704123662448763,2.921297758730372,2,2
15,1,9,4.534522396248067,2
16,1,9,1.4204751992251277,2
17,1,9,1.6726643177786409,2
19,1,18,-3.6083032228221374,2
20,1,18,-3.266238304665134,2
21,2,9,90,-1.517118307341971,4.746482051885625,2,2
22,1,18,-2.793363233229631,2
23,1,9,4.977720180693769,2
24,1,18,-1.434253551495026,2
25,1,18,-2.5987777475638016,2
26,1,18,-4.216627666909675,2
27,1,5,-2.5500012327294197,2
28,2,9,62,2.8944663135390067,4.576700699776893,2,2
29,1,5,-1.2164928964257546,2
30,1,18,-2.875766118729426,2
31,1,127,-2.682245868900249,2
32,1,18,-4.351405280144986,2
33,1,18,-2.501671115110707,2
34,1,9,4.853729906102226,2
35,1,5,-1.7845794461134759,2
36,4,1,5,9,18,4.065692185896051,4.781239107985335,3.0368649473031364,-4.515780444568106,2,2,2,2
37,2,9,78,3.4836000119162884,2.116227088242806,2,2
38,3,9,62,14,-2.160336349165942,1.699671091735389,1.1736511928750053,2,2,2
39,2,18,79,-2.90354913831306,1.7979156919313666,2,2
40,2,9,62,1.7870193748808738,4.740465865688136,2,2
41,2,9,62,1.277776703858069,1.0063466179991014,2,2
42,1,18,-4.617841546230784,2
43,1,127,3.331262359691038,2
44,1,5,-4.807943427246164,2
45,2,9,62,2.7047056921604447,3.64992699339168,2,2
46,1,18,-1.4136152173127634,2
47,2,18,79,-4.588273659925303,2.578852346014657,2,2
48,1,9,3.525697685384373,2
49,1,9,3.5624786387043983,2
50,1,18,-3.055852081499671,2
51,1,9,1.0075011701128767,2
52,1,9,1.554948062821953,2
53,4,1,5,9,18,1.7266848397278722,-3.730348130124409,1.3296254873871747,-4.948556464650831,2,2,2,2
54,1,9,2.1080765043392145,2
55,2,9,97,3.800287651984902,2.4824172534178746,2,2
56,2,18,79,-3.1604911637914603,3.8030581853595886,2,2
57,1,5,-1.3023053856199698,2
58,1,9,1.4702598502488815,2
59,1,5,-1.353348427752033,2
60,1,18,-4.022487636363984,2
61,1,9,4.975597906538425,2
62,1,9,4.267105121879097,2
63,2,18,79,-2.0946169404282813,4.866943765670101,2,2
64,2,18,79,-2.031843909806454,3.673264999267615,2,2
65,1,9,-3.0108410425596626,2
66,1,9,-2.0093709094805794,2
67,1,5,-3.8884787930863256,2
68,1,127,1.7004207366561976,2
69,1,9,4.610517280004787,2
70,1,9,3.1230454342431666,2
71,1,9,3.7474409117035705,2
72,3,5,79,163,-1.9415518232578828,3.2203107857215603,2.2113723925950235,2,2,2
73,1,5,-4.22746488171513,2
74,1,18,-3.465176388177326,2
75,1,5,-3.500573653457503,2
76,3,18,79,163,-1.118843390825611,2.5577157778466235,1.2367763416287016,2,2,2
77,1,1,2.3477546526487942,2
78,1,9,3.4626139586883458,2
79,2,102,163,-2.3461155064182746,2.0358385549238163,2,2
80,2,79,102,1.686282052172559,3.7231132255415367,2,2
81,2,9,90,2.050133456061121,4.80432265913824,2,2
82,1,5,-4.24278747075245,2
83,2,18,79,-2.9558299451312706,2.7191504933261825,2,2
84,2,9,97,4.369292435869487,2.429704172925851,2,2
85,2,1,79,1.4066049791036557,2.8844446665859556,2,2
86,2,127,192,3.3409815742566686,3.9766449751643904,2,2
87,1,5,-1.2939550898310568,2
88,1,1,3.1955369367793307,2
89,3,79,127,192,1.4549568045612475,1.3557157162789233,2.5551408158915363,2,2,2
90,1,5,-2.921359880682843,2
91,1,9,1.4955770524403502,2
92,2,79,102,1.6013925077118287,2.8316727934840906,2,2
93,2,9,90,3.1459444460453154,4.971702020685743,2,2
94,1,79,1.7573978094554845,2
95,2,79,117,1.4266342803762173,3.7987948532518527,2,2
96,1,9,3.6053793494731656,2
97,1,9,-2.2995244183388,2
98,1,18,-3.8241619885286506,2
99,2,9,90,3.645006138030827,2.037485617842573,2,2
100,1,102,4.990204670077372,2
101,1,102,1.5201681590662117,2
102,1,86,1.7634473671201127,2
103,1,102,2.2075779677762046,2
104,1,102,4.4273220240903575,2
105,1,102,3.4331390335420062,2
106,1,102,3.404907824887858,2
107,1,102,3.812845192730576,2
108,1,102,1.8536028628985837,2
109,2,127,192,4.927729777722355,3.29479312480016,2,2
110,1,127,3.2331567141726567,2
111,2,127,192,4.90544064945991,1.2906868434544831,2,2
112,1,163,3.2986541054475524,2
113,1,163,4.6200655025765816,2
114,2,163,192,4.1495725487923885,2.3038369916248214,2,2
115,1,163,1.566478420821583,2
116,1,163,4.055851928134224,2
117,1,163,4.270230953688531,2
118,1,163,2.9646586450675754,2
119,1,163,2.6136461619446476,2
120,1,102,1.0182677503437092,2
121,1,127,1.3320272116359364,2
122,1,127,2.2251940943322865,2
123,1,127,3.861308309057422,2
124,1,102,2.7870102149898868,2
125,2,102,127,4.239698645756766,4.524252906043237,2,2
126,3,102,127,147,1.1186052531731172,4.805923569382763,3.1637290072150104,2,2,2
128,1,127,3.1948362005287683,2
129,1,127,1.590484157432161,2
130,2,127,147,3.2467411565223907,2.8876833587290665,2,2
131,2,127,147,-3.4843589159979373,1.7867880226436674,2,2
132,1,127,3.9437483357076863,2
133,1,127,1.6207043112997463,2
134,1,127,1.3146140754413502,2
135,1,147,3.04172981604114,2
136,1,147,2.345621553783832,2
137,1,147,2.036575095962346,2
138,1,147,3.370265540508162,2
139,2,127,192,2.795139128353871,2.3357430759861977,2,2
140,1,127,3.17996620883973,2
141,2,127,147,2.337149078510309,2.1314116526397355,2,2
142,1,147,3.680059874315942,2
143,1,147,2.579960795888626,2
144,1,147,2.9288692925394115,2
145,2,147,144,4.96870288448793,1.7321899856348608,2,2
146,1,147,3.5619058480633177,2
148,1,163,1.5898270586922618,2
149,1,163,4.613385716293985,2
150,2,163,113,3.7202451631370423,3.471496130815627,2,2
151,1,163,1.0636540675509933,2
152,1,163,4.3283480002203465,2
153,1,163,4.590795204062263,2
154,1,163,2.497825066573696,2
155,1,163,2.4475406034456446,2
156,1,102,4.32586300947181,2
157,2,102,147,1.8485931124367783,3.1413350638692994,2,2
158,1,102,-3.3293395982566447,2
159,2,102,147,4.874596010413627,4.390941486678999,2,2
160,2,102,127,3.058042295736614,3.7051793930844696,2,2
161,2,102,147,2.9660519981505415,3.8905525628242024,2,2
162,1,102,2.310177494441201,2
164,1,102,2.0228152935288577,2
165,2,163,192,3.1061411688356078,3.0801848963842184,2,2
166,1,163,3.4193140846112384,2
167,1,163,2.137337985026134,2
168,1,163,1.9521895181657705,2
169,1,163,4.279898965798955,2
170,2,163,192,1.805971689291781,2.1290596930629544,2,2
171,1,163,4.451115049914349,2
172,1,163,4.483933439777637,2
173,1,163,3.8019625217346253,2
174,1,127,3.5539080623442647,2
175,1,147,3.7296005451863468,2
176,1,147,1.424236130368207,2
177,2,147,136,2.492765686385379,4.444739760677588,2,2
178,1,147,3.5232765437462614,2
179,1,147,1.349778977367536,2
180,1,147,2.7960844193060366,2
181,1,127,4.565607775495421,2
182,1,147,3.8784276316951294,2
183,1,192,2.289596586257937,2
184,1,192,2.9449889243672334,2
185,1,127,3.931318784490253,2
186,1,192,3.758421054561304,2
187,1,192,2.2915368582979823,2
188,1,192,3.1423143980872097,2
189,1,192,1.967197723981331,2
190,1,192,4.688335116277408,2
191,1,192,4.673073118742777,2
193,1,192,3.3472166598370308,2
194,1,192,2.610934662266027,2
195,1,192,4.683052473292889,2
196,1,192,2.5441255742364492,2
197,1,192,3.797930571307664,2
198,1,192,3.1968097337656727,2
199,1,192,1.7444901363931842,2
